574878  166409
967399  342340
78650  910351
620763  74325
394650  203289
50187  624819
354688  367797
160945  758929
932645  72835
114539  445449
589831  701153
47027  296916
835516  324919
750059  495061
184134  967126
692912  173077
377839  272366
68920  319111
393348  645124
705297  178164
939703  170279
608556  124350
187930  774208
970026  45433
748422  982794
637623  548062
798922  219486
413694  272452
978906  905344
964476  709275
439114  872538
656596  540741
665508  185465
220520  5161
836179  435417
79345  72548
948944  338603
791292  70259
191824  637653
536591  550408
548059  927665
285349  64193
445717  625496
497480  143648
46736  944258
835895  921699
904189  70923
618676  204319
294483  409811
350932  344400
49936  403079
19377  654670
973287  392068
38123  876327
87044  274094
188354  544891
106974  450152
268763  696182
51540  888692
800691  635301
781560  264907
583982  990569
937239  378799
677746  755141
184663  869530
99726  950513
280454  774116
184099  851233
37387  469309
563263  611243
499121  908599
800303  183144
817515  796148
342507  501268
629686  379676
459507  719491
77580  941804
249369  207918
619040  661636
785826  405386
298814  881367
141417  330207
548154  163582
499873  458705
258817  700653
873903  389877
403707  625671
677097  821314
720825  260226
31824  848941
541332  984776
926616  609571
678799  79697
980891  762024
229982  382787
603360  325590
325646  330191
618806  423677
372080  534578
132497  968256
