1
 3
4
5
6
7
8
9
10
11
 12
 13
 14
 15
 16
 17
 18
19
 20
21
 22
23
 25
 24
  26
 27
 28
 29
 30
  2
  -1
  1
8
38
31
44
18
7
28
6
37
19
27
17
43
30
36
46
33
20
47
21
32
39
48
5
42
24
10
45
35
4
26
2
29
34
41
16
22
3
23
14
25
13
11
12
15
40
9
-1
1
36
29
13
70
35
31
69
38
59
22
66
63
57
15
24
19
7
2
4
18
42
32
3
8
26
55
49
28
14
20
30
44
68
27
46
25
45
39
61
40
9
17
43
41
6
53
5
10
52
60
12
34
21
33
62
54
48
67
11
64
65
56
51
50
58
37
47
16
23
-1
1
76
75
2
3
4
5
6
7
8
9
10
11
12
13
14
74
15
16
17
18
37
36
38
39
40
34
35
33
32
29
30
31
19
20
26
27
28
43
42
54
53
52
55
56
57
58
59
60
41
61
62
63
64
73
72
71
65
66
51
49
50
67
70
68
69
47
48
44
45
46
24
25
21
22
23
-1
1
50
34
81
38
66
8
52
46
23
42
89
11
90
17
94
32
97
98
49
70
22
58
29
36
67
75
7
74
61
76
80
72
57
31
78
99
45
33
68
14
65
86
96
16
63
54
91
77
43
64
85
59
3
83
40
6
18
82
25
20
9
10
21
47
12
28
56
95
26
87
55
92
48
2
100
30
35
51
19
37
62
5
53
60
44
93
4
71
39
73
15
69
84
41
24
27
88
79
13
-1
1
2
6
7
10
11
15
103
21
22
29
30
31
32
33
28
23
20
12
19
24
27
16
17
18
25
26
36
37
42
41
43
46
52
53
58
57
54
51
47
44
104
40
49
45
48
50
55
56
59
105
62
63
70
69
74
75
81
73
76
80
86
79
77
72
64
67
68
71
78
82
83
84
85
91
92
96
97
101
102
93
89
90
98
99
100
95
94
88
87
66
65
61
60
39
38
35
34
14
13
4
5
9
8
3
-1
1
12
5
13
18
25
16
14
15
17
19
27
26
45
53
74
64
68
75
77
78
81
82
87
88
92
94
99
93
89
98
112
123
130
121
118
114
105
100
101
102
106
107
108
113
124
125
126
131
127
128
129
122
117
120
116
119
115
109
110
111
103
104
97
96
95
91
90
86
85
84
83
79
80
72
73
61
60
59
58
63
67
71
76
70
66
69
65
62
56
57
52
51
50
49
48
47
55
54
46
28
29
20
30
31
32
21
33
34
35
36
22
37
38
39
23
40
41
42
43
44
24
11
4
10
9
3
2
8
7
6
-1
